########################### RIGHT SHOWER DETECTOR ##############################
Number of columns (x-stripes) and rows (y-stripes)
       5     15
Crate, Slot, First, Last ADC channels of blocks
       1     17       32     46
       1     18        0     14
       1     19        0     14
       1     16        0     14
       1     17        16    30
      -1      0        0      0
Translation table from ADC hardware channel to logical channel number (historical)
 1 2 3 4 5 6 7 8 9 10 11 12 13 14 15 16 17 18 19 20 21 22 23 24
  25 26 27 28 29 30 31 32 33 34 35 36 37 38 39 40 41 42 43 44 45 46 47 48
 49 50 51 52 53 54 55 56 57 58 59 60 61 62 63 64 65 66 67 68 69 70 71 72 73
  74 75 
x,y,z coords (in cm) of Shower front plane in spectrom cs
    -0.027    0.009   3.64                         - Meters
Half of X, half of Y, full Z sizes (in cm) of Shower
    1.1438   0.3813   0.35                         - Meters
Rotation angle of the Shower plane
     0.0                                           - Degrees
x,y position of the center of block 1
   -1.0675    -0.305                               - Meters
dx and dy block spacing
    0.1525    0.1525                               - Meters
Energy threshold for clusters to be considered
    30.0                                          - MeV
ADC pedestals
   262.4     293.2     296.8     276.0   350.7     344.6     442.9     363.1     323.9
   318.4     236.3     302.7     443.5   348.5     401.4     354.0     462.9     359.7
   305.2     405.2     411.3     409.6   373.6     462.4     365.7     278.5     378.8
   509.7     479.0     502.2     505.7   500.6     506.3     463.0     574.7     520.3
   564.3     605.7     511.3     566.8   473.9     509.8     592.1     618.1     548.2
   616.1     562.7     558.5     536.5   658.6     616.6     647.8     645.9     601.1
   586.4     615.6     517.4     652.8   597.9     603.3     371.6     304.1     252.0
   258.2     391.2     438.6     459.3   498.4     283.7     254.0     243.1     250.7
   477.0     357.7     375.5 
Energy calibration coefficients
   1.98821    1.12409    1.22911    1.30416    0.852463
   1.13304    0.859637   1.         1.01796    0.696129
   0.668943   1.27504    1.37077    1.32428    0.708815
   1.01273    0.803208   0.877225   0.96281    0.876948
   1.06888    0.979966   0.986704   0.94797    0.92988
   1.01763    0.982431   0.926836   0.870885   0.684228
   0.846801   0.824581   0.928636   0.96623    1.02493
   0.909632   1.01677    1.02321    0.843321   1.02309
   0.932823   0.784411   0.921575   0.912249   0.665303
   0.910412   0.815984   0.888921   0.777351   0.892007
   0.969988   0.897617   0.994298   1.00821    0.995935
   0.983392   1.03372    0.897229   0.873876   0.755888
   1.03649    0.864464   0.760198   0.853854   0.866501
   1.27343    0.779057   0.790702   0.786001   0.771576
   0.711264   0.313141   0.53863    0.981482   1.

